4E-02  1   0.5   0.460000   0.040000       0.501       1.0       1.0       1.0
4E-02  2   0.5   0.458685   0.041315       0.600       1.2       1.0       1.0
4E-02  3   0.5   0.456712   0.043288       0.749       1.5       1.0       1.0
4E-02  4   0.5   0.454739   0.045261       0.898       1.8       1.0       1.0
4E-02  5   0.5   0.453424   0.046576       0.997       2.0       1.0       1.0
4E-02  6   0.5   0.452108   0.047892       1.096       2.2       1.0       1.0
4E-02  7   0.5   0.446847   0.053153       1.492       3.0       1.0       1.0
4E-02  8   0.7   0.260000   0.040000       0.501       1.0       1.0       1.0
4E-02  9   0.7   0.258685   0.041315       0.600       1.2       1.0       1.0
4E-02 10   0.7   0.256712   0.043288       0.749       1.5       1.0       1.0
4E-02 11   0.7   0.254739   0.045261       0.898       1.8       1.0       1.0
4E-02 12   0.7   0.253424   0.046576       0.997       2.0       1.0       1.0
4E-02 13   0.7   0.252108   0.047892       1.096       2.2       1.0       1.0
4E-02 14   0.7   0.246847   0.053153       1.492       3.0       1.0       1.0
4E-02 15   0.8   0.160000   0.040000       0.501       1.0       1.0       1.0
4E-02 16   0.8   0.158685   0.041315       0.600       1.2       1.0       1.0
4E-02 17   0.8   0.156712   0.043288       0.749       1.5       1.0       1.0
4E-02 18   0.8   0.154739   0.045261       0.898       1.8       1.0       1.0
4E-02 19   0.8   0.153424   0.046576       0.997       2.0       1.0       1.0
4E-02 20   0.8   0.152108   0.047892       1.096       2.2       1.0       1.0
4E-02 21   0.8   0.146847   0.053153       1.492       3.0       1.0       1.0
4E-02 22   0.5   0.459574   0.040426       0.501       1.0       1.2       1.0
4E-02 23   0.5   0.458259   0.041741       0.600       1.2       1.2       1.0
4E-02 24   0.5   0.456286   0.043714       0.749       1.5       1.2       1.0
4E-02 25   0.5   0.454313   0.045687       0.898       1.8       1.2       1.0
4E-02 26   0.5   0.452998   0.047002       0.997       2.0       1.2       1.0
4E-02 27   0.5   0.451683   0.048317       1.096       2.2       1.2       1.0
4E-02 28   0.5   0.446421   0.053579       1.492       3.0       1.2       1.0
4E-02 29   0.7   0.259574   0.040426       0.501       1.0       1.2       1.0
4E-02 30   0.7   0.258259   0.041741       0.600       1.2       1.2       1.0
4E-02 31   0.7   0.256286   0.043714       0.749       1.5       1.2       1.0
4E-02 32   0.7   0.254313   0.045687       0.898       1.8       1.2       1.0
4E-02 33   0.7   0.252998   0.047002       0.997       2.0       1.2       1.0
4E-02 34   0.7   0.251683   0.048317       1.096       2.2       1.2       1.0
4E-02 35   0.7   0.246421   0.053579       1.492       3.0       1.2       1.0
4E-02 36   0.8   0.159574   0.040426       0.501       1.0       1.2       1.0
4E-02 37   0.8   0.158259   0.041741       0.600       1.2       1.2       1.0
4E-02 38   0.8   0.156286   0.043714       0.749       1.5       1.2       1.0
4E-02 39   0.8   0.154313   0.045687       0.898       1.8       1.2       1.0
4E-02 40   0.8   0.152998   0.047002       0.997       2.0       1.2       1.0
4E-02 41   0.8   0.151683   0.048317       1.096       2.2       1.2       1.0
4E-02 42   0.8   0.146421   0.053579       1.492       3.0       1.2       1.0
4E-02 43   0.5   0.458935   0.041065       0.501       1.0       1.5       1.0
4E-02 44   0.5   0.457620   0.042380       0.600       1.2       1.5       1.0
4E-02 45   0.5   0.455647   0.044353       0.749       1.5       1.5       1.0
4E-02 46   0.5   0.453674   0.046326       0.898       1.8       1.5       1.0
4E-02 47   0.5   0.452359   0.047641       0.997       2.0       1.5       1.0
4E-02 48   0.5   0.451044   0.048956       1.096       2.2       1.5       1.0
4E-02 49   0.5   0.445783   0.054217       1.492       3.0       1.5       1.0
4E-02 50   0.7   0.258935   0.041065       0.501       1.0       1.5       1.0
4E-02 51   0.7   0.257620   0.042380       0.600       1.2       1.5       1.0
4E-02 52   0.7   0.255647   0.044353       0.749       1.5       1.5       1.0
4E-02 53   0.7   0.253674   0.046326       0.898       1.8       1.5       1.0
4E-02 54   0.7   0.252359   0.047641       0.997       2.0       1.5       1.0
4E-02 55   0.7   0.251044   0.048956       1.096       2.2       1.5       1.0
4E-02 56   0.7   0.245783   0.054217       1.492       3.0       1.5       1.0
4E-02 57   0.8   0.158935   0.041065       0.501       1.0       1.5       1.0
4E-02 58   0.8   0.157620   0.042380       0.600       1.2       1.5       1.0
4E-02 59   0.8   0.155647   0.044353       0.749       1.5       1.5       1.0
4E-02 60   0.8   0.153674   0.046326       0.898       1.8       1.5       1.0
4E-02 61   0.8   0.152359   0.047641       0.997       2.0       1.5       1.0
4E-02 62   0.8   0.151044   0.048956       1.096       2.2       1.5       1.0
4E-02 63   0.8   0.145783   0.054217       1.492       3.0       1.5       1.0
2E-02  1   0.5   0.480000   0.020000       0.501       1.0       1.0       1.0
2E-02  2   0.5   0.478356   0.021644       0.749       1.5       1.0       1.0
2E-02  3   0.5   0.477369   0.022631       0.898       1.8       1.0       1.0
2E-02  4   0.5   0.476712   0.023288       0.997       2.0       1.0       1.0
2E-02  5   0.5   0.476054   0.023946       1.096       2.2       1.0       1.0
2E-02  6   0.5   0.473424   0.026576       1.492       3.0       1.0       1.0
2E-02  7   0.5   0.466847   0.033153       2.484       5.0       1.0       1.0
2E-02  8   0.7   0.280000   0.020000       0.501       1.0       1.0       1.0
2E-02  9   0.7   0.278356   0.021644       0.749       1.5       1.0       1.0
2E-02 10   0.7   0.277369   0.022631       0.898       1.8       1.0       1.0
2E-02 11   0.7   0.276712   0.023288       0.997       2.0       1.0       1.0
2E-02 12   0.7   0.276054   0.023946       1.096       2.2       1.0       1.0
2E-02 13   0.7   0.273424   0.026576       1.492       3.0       1.0       1.0
2E-02 14   0.7   0.266847   0.033153       2.484       5.0       1.0       1.0
2E-02 15   0.8   0.180000   0.020000       0.501       1.0       1.0       1.0
2E-02 16   0.8   0.178356   0.021644       0.749       1.5       1.0       1.0
2E-02 17   0.8   0.177369   0.022631       0.898       1.8       1.0       1.0
2E-02 18   0.8   0.176712   0.023288       0.997       2.0       1.0       1.0
2E-02 19   0.8   0.176054   0.023946       1.096       2.2       1.0       1.0
2E-02 20   0.8   0.173424   0.026576       1.492       3.0       1.0       1.0
2E-02 21   0.8   0.166847   0.033153       2.484       5.0       1.0       1.0
2E-02 22   0.5   0.479468   0.020532       0.501       1.0       1.5       1.0
2E-02 23   0.5   0.477824   0.022176       0.749       1.5       1.5       1.0
2E-02 24   0.5   0.476837   0.023163       0.898       1.8       1.5       1.0
2E-02 25   0.5   0.476179   0.023821       0.997       2.0       1.5       1.0
2E-02 26   0.5   0.475522   0.024478       1.096       2.2       1.5       1.0
2E-02 27   0.5   0.472891   0.027109       1.492       3.0       1.5       1.0
2E-02 28   0.5   0.466315   0.033685       2.484       5.0       1.5       1.0
2E-02 29   0.7   0.279468   0.020532       0.501       1.0       1.5       1.0
2E-02 30   0.7   0.277824   0.022176       0.749       1.5       1.5       1.0
2E-02 31   0.7   0.276837   0.023163       0.898       1.8       1.5       1.0
2E-02 32   0.7   0.276179   0.023821       0.997       2.0       1.5       1.0
2E-02 33   0.7   0.275522   0.024478       1.096       2.2       1.5       1.0
2E-02 34   0.7   0.272891   0.027109       1.492       3.0       1.5       1.0
2E-02 35   0.7   0.266315   0.033685       2.484       5.0       1.5       1.0
2E-02 36   0.8   0.179468   0.020532       0.501       1.0       1.5       1.0
2E-02 37   0.8   0.177824   0.022176       0.749       1.5       1.5       1.0
2E-02 38   0.8   0.176837   0.023163       0.898       1.8       1.5       1.0
2E-02 39   0.8   0.176179   0.023821       0.997       2.0       1.5       1.0
2E-02 40   0.8   0.175522   0.024478       1.096       2.2       1.5       1.0
2E-02 41   0.8   0.172891   0.027109       1.492       3.0       1.5       1.0
2E-02 42   0.8   0.166315   0.033685       2.484       5.0       1.5       1.0
2E-02 43   0.5   0.478935   0.021065       0.501       1.0       2.0       1.0
2E-02 44   0.5   0.477291   0.022709       0.749       1.5       2.0       1.0
2E-02 45   0.5   0.476305   0.023695       0.898       1.8       2.0       1.0
2E-02 46   0.5   0.475647   0.024353       0.997       2.0       2.0       1.0
2E-02 47   0.5   0.474989   0.025011       1.096       2.2       2.0       1.0
2E-02 48   0.5   0.472359   0.027641       1.492       3.0       2.0       1.0
2E-02 49   0.5   0.465783   0.034217       2.484       5.0       2.0       1.0
2E-02 50   0.7   0.278935   0.021065       0.501       1.0       2.0       1.0
2E-02 51   0.7   0.277291   0.022709       0.749       1.5       2.0       1.0
2E-02 52   0.7   0.276305   0.023695       0.898       1.8       2.0       1.0
2E-02 53   0.7   0.275647   0.024353       0.997       2.0       2.0       1.0
2E-02 54   0.7   0.274989   0.025011       1.096       2.2       2.0       1.0
2E-02 55   0.7   0.272359   0.027641       1.492       3.0       2.0       1.0
2E-02 56   0.7   0.265783   0.034217       2.484       5.0       2.0       1.0
2E-02 57   0.8   0.178935   0.021065       0.501       1.0       2.0       1.0
2E-02 58   0.8   0.177291   0.022709       0.749       1.5       2.0       1.0
2E-02 59   0.8   0.176305   0.023695       0.898       1.8       2.0       1.0
2E-02 60   0.8   0.175647   0.024353       0.997       2.0       2.0       1.0
2E-02 61   0.8   0.174989   0.025011       1.096       2.2       2.0       1.0
2E-02 62   0.8   0.172359   0.027641       1.492       3.0       2.0       1.0
2E-02 63   0.8   0.165783   0.034217       2.484       5.0       2.0       1.0
1E-02  1   0.5   0.490000   0.010000       0.501       1.0       1.0       1.0
1E-02  2   0.5   0.489178   0.010822       0.749       1.5       1.0       1.0
1E-02  3   0.5   0.488685   0.011315       0.898       1.8       1.0       1.0
1E-02  4   0.5   0.488356   0.011644       0.997       2.0       1.0       1.0
1E-02  5   0.5   0.488027   0.011973       1.096       2.2       1.0       1.0
1E-02  6   0.5   0.483424   0.016576       2.484       5.0       1.0       1.0
1E-02  7   0.5   0.475203   0.024797       4.962      10.0       1.0       1.0
1E-02  8   0.7   0.290000   0.010000       0.501       1.0       1.0       1.0
1E-02  9   0.7   0.289178   0.010822       0.749       1.5       1.0       1.0
1E-02 10   0.7   0.288685   0.011315       0.898       1.8       1.0       1.0
1E-02 11   0.7   0.288356   0.011644       0.997       2.0       1.0       1.0
1E-02 12   0.7   0.288027   0.011973       1.096       2.2       1.0       1.0
1E-02 13   0.7   0.283424   0.016576       2.484       5.0       1.0       1.0
1E-02 14   0.7   0.275203   0.024797       4.962      10.0       1.0       1.0
1E-02 15   0.8   0.190000   0.010000       0.501       1.0       1.0       1.0
1E-02 16   0.8   0.189178   0.010822       0.749       1.5       1.0       1.0
1E-02 17   0.8   0.188685   0.011315       0.898       1.8       1.0       1.0
1E-02 18   0.8   0.188356   0.011644       0.997       2.0       1.0       1.0
1E-02 19   0.8   0.188027   0.011973       1.096       2.2       1.0       1.0
1E-02 20   0.8   0.183424   0.016576       2.484       5.0       1.0       1.0
1E-02 21   0.8   0.175203   0.024797       4.962      10.0       1.0       1.0
1E-02 22   0.5   0.489734   0.010266       0.501       1.0       1.5       1.0
1E-02 23   0.5   0.488912   0.011088       0.749       1.5       1.5       1.0
1E-02 24   0.5   0.488419   0.011581       0.898       1.8       1.5       1.0
1E-02 25   0.5   0.488090   0.011910       0.997       2.0       1.5       1.0
1E-02 26   0.5   0.487761   0.012239       1.096       2.2       1.5       1.0
1E-02 27   0.5   0.483157   0.016843       2.484       5.0       1.5       1.0
1E-02 28   0.5   0.474937   0.025063       4.962      10.0       1.5       1.0
1E-02 29   0.7   0.289734   0.010266       0.501       1.0       1.5       1.0
1E-02 30   0.7   0.288912   0.011088       0.749       1.5       1.5       1.0
1E-02 31   0.7   0.288419   0.011581       0.898       1.8       1.5       1.0
1E-02 32   0.7   0.288090   0.011910       0.997       2.0       1.5       1.0
1E-02 33   0.7   0.287761   0.012239       1.096       2.2       1.5       1.0
1E-02 34   0.7   0.283157   0.016843       2.484       5.0       1.5       1.0
1E-02 35   0.7   0.274937   0.025063       4.962      10.0       1.5       1.0
1E-02 36   0.8   0.189734   0.010266       0.501       1.0       1.5       1.0
1E-02 37   0.8   0.188912   0.011088       0.749       1.5       1.5       1.0
1E-02 38   0.8   0.188419   0.011581       0.898       1.8       1.5       1.0
1E-02 39   0.8   0.188090   0.011910       0.997       2.0       1.5       1.0
1E-02 40   0.8   0.187761   0.012239       1.096       2.2       1.5       1.0
1E-02 41   0.8   0.183157   0.016843       2.484       5.0       1.5       1.0
1E-02 42   0.8   0.174937   0.025063       4.962      10.0       1.5       1.0
1E-02 43   0.5   0.488935   0.011065       0.501       1.0       3.0       1.0
1E-02 44   0.5   0.488113   0.011887       0.749       1.5       3.0       1.0
1E-02 45   0.5   0.487620   0.012380       0.898       1.8       3.0       1.0
1E-02 46   0.5   0.487291   0.012709       0.997       2.0       3.0       1.0
1E-02 47   0.5   0.486962   0.013038       1.096       2.2       3.0       1.0
1E-02 48   0.5   0.482359   0.017641       2.484       5.0       3.0       1.0
1E-02 49   0.5   0.474139   0.025861       4.962      10.0       3.0       1.0
1E-02 50   0.7   0.288935   0.011065       0.501       1.0       3.0       1.0
1E-02 51   0.7   0.288113   0.011887       0.749       1.5       3.0       1.0
1E-02 52   0.7   0.287620   0.012380       0.898       1.8       3.0       1.0
1E-02 53   0.7   0.287291   0.012709       0.997       2.0       3.0       1.0
1E-02 54   0.7   0.286962   0.013038       1.096       2.2       3.0       1.0
1E-02 55   0.7   0.282359   0.017641       2.484       5.0       3.0       1.0
1E-02 56   0.7   0.274139   0.025861       4.962      10.0       3.0       1.0
1E-02 57   0.8   0.188935   0.011065       0.501       1.0       3.0       1.0
1E-02 58   0.8   0.188113   0.011887       0.749       1.5       3.0       1.0
1E-02 59   0.8   0.187620   0.012380       0.898       1.8       3.0       1.0
1E-02 60   0.8   0.187291   0.012709       0.997       2.0       3.0       1.0
1E-02 61   0.8   0.186962   0.013038       1.096       2.2       3.0       1.0
1E-02 62   0.8   0.182359   0.017641       2.484       5.0       3.0       1.0
1E-02 63   0.8   0.174139   0.025861       4.962      10.0       3.0       1.0
8E-03  1   0.5   0.492000   0.008000       0.501       1.0       1.0       1.0
8E-03  2   0.5   0.490948   0.009052       0.898       1.8       1.0       1.0
8E-03  3   0.5   0.490685   0.009315       0.997       2.0       1.0       1.0
8E-03  4   0.5   0.490422   0.009578       1.096       2.2       1.0       1.0
8E-03  5   0.5   0.486739   0.013261       2.484       5.0       1.0       1.0
8E-03  6   0.5   0.480163   0.019837       4.962      10.0       1.0       1.0
8E-03  7   0.5   0.467010   0.032990       9.918      20.0       1.0       1.0
8E-03  8   0.7   0.292000   0.008000       0.501       1.0       1.0       1.0
8E-03  9   0.7   0.290948   0.009052       0.898       1.8       1.0       1.0
8E-03 10   0.7   0.290685   0.009315       0.997       2.0       1.0       1.0
8E-03 11   0.7   0.290422   0.009578       1.096       2.2       1.0       1.0
8E-03 12   0.7   0.286739   0.013261       2.484       5.0       1.0       1.0
8E-03 13   0.7   0.280163   0.019837       4.962      10.0       1.0       1.0
8E-03 14   0.7   0.267010   0.032990       9.918      20.0       1.0       1.0
8E-03 15   0.8   0.192000   0.008000       0.501       1.0       1.0       1.0
8E-03 16   0.8   0.190948   0.009052       0.898       1.8       1.0       1.0
8E-03 17   0.8   0.190685   0.009315       0.997       2.0       1.0       1.0
8E-03 18   0.8   0.190422   0.009578       1.096       2.2       1.0       1.0
8E-03 19   0.8   0.186739   0.013261       2.484       5.0       1.0       1.0
8E-03 20   0.8   0.180163   0.019837       4.962      10.0       1.0       1.0
8E-03 21   0.8   0.167010   0.032990       9.918      20.0       1.0       1.0
8E-03 22   0.5   0.491574   0.008426       0.501       1.0       2.0       1.0
8E-03 23   0.5   0.490522   0.009478       0.898       1.8       2.0       1.0
8E-03 24   0.5   0.490259   0.009741       0.997       2.0       2.0       1.0
8E-03 25   0.5   0.489996   0.010004       1.096       2.2       2.0       1.0
8E-03 26   0.5   0.486313   0.013687       2.484       5.0       2.0       1.0
8E-03 27   0.5   0.479737   0.020263       4.962      10.0       2.0       1.0
8E-03 28   0.5   0.466584   0.033416       9.918      20.0       2.0       1.0
8E-03 29   0.7   0.291574   0.008426       0.501       1.0       2.0       1.0
8E-03 30   0.7   0.290522   0.009478       0.898       1.8       2.0       1.0
8E-03 31   0.7   0.290259   0.009741       0.997       2.0       2.0       1.0
8E-03 32   0.7   0.289996   0.010004       1.096       2.2       2.0       1.0
8E-03 33   0.7   0.286313   0.013687       2.484       5.0       2.0       1.0
8E-03 34   0.7   0.279737   0.020263       4.962      10.0       2.0       1.0
8E-03 35   0.7   0.266584   0.033416       9.918      20.0       2.0       1.0
8E-03 36   0.8   0.191574   0.008426       0.501       1.0       2.0       1.0
8E-03 37   0.8   0.190522   0.009478       0.898       1.8       2.0       1.0
8E-03 38   0.8   0.190259   0.009741       0.997       2.0       2.0       1.0
8E-03 39   0.8   0.189996   0.010004       1.096       2.2       2.0       1.0
8E-03 40   0.8   0.186313   0.013687       2.484       5.0       2.0       1.0
8E-03 41   0.8   0.179737   0.020263       4.962      10.0       2.0       1.0
8E-03 42   0.8   0.166584   0.033416       9.918      20.0       2.0       1.0
8E-03 43   0.5   0.490722   0.009278       0.501       1.0       4.0       1.0
8E-03 44   0.5   0.489670   0.010330       0.898       1.8       4.0       1.0
8E-03 45   0.5   0.489407   0.010593       0.997       2.0       4.0       1.0
8E-03 46   0.5   0.489144   0.010856       1.096       2.2       4.0       1.0
8E-03 47   0.5   0.485461   0.014539       2.484       5.0       4.0       1.0
8E-03 48   0.5   0.478885   0.021115       4.962      10.0       4.0       1.0
8E-03 49   0.5   0.465732   0.034268       9.918      20.0       4.0       1.0
8E-03 50   0.7   0.290722   0.009278       0.501       1.0       4.0       1.0
8E-03 51   0.7   0.289670   0.010330       0.898       1.8       4.0       1.0
8E-03 52   0.7   0.289407   0.010593       0.997       2.0       4.0       1.0
8E-03 53   0.7   0.289144   0.010856       1.096       2.2       4.0       1.0
8E-03 54   0.7   0.285461   0.014539       2.484       5.0       4.0       1.0
8E-03 55   0.7   0.278885   0.021115       4.962      10.0       4.0       1.0
8E-03 56   0.7   0.265732   0.034268       9.918      20.0       4.0       1.0
8E-03 57   0.8   0.190722   0.009278       0.501       1.0       4.0       1.0
8E-03 58   0.8   0.189670   0.010330       0.898       1.8       4.0       1.0
8E-03 59   0.8   0.189407   0.010593       0.997       2.0       4.0       1.0
8E-03 60   0.8   0.189144   0.010856       1.096       2.2       4.0       1.0
8E-03 61   0.8   0.185461   0.014539       2.484       5.0       4.0       1.0
8E-03 62   0.8   0.178885   0.021115       4.962      10.0       4.0       1.0
8E-03 63   0.8   0.165732   0.034268       9.918      20.0       4.0       1.0
6E-03  1   0.5   0.494000   0.006000       0.501       1.0       1.0       1.0
6E-03  2   0.5   0.493211   0.006789       0.898       1.8       1.0       1.0
6E-03  3   0.5   0.493014   0.006986       0.997       2.0       1.0       1.0
6E-03  4   0.5   0.492816   0.007184       1.096       2.2       1.0       1.0
6E-03  5   0.5   0.490054   0.009946       2.484       5.0       1.0       1.0
6E-03  6   0.5   0.485122   0.014878       4.962      10.0       1.0       1.0
6E-03  7   0.5   0.465393   0.034607      14.875      30.0       1.0       1.0
6E-03  8   0.7   0.294000   0.006000       0.501       1.0       1.0       1.0
6E-03  9   0.7   0.293211   0.006789       0.898       1.8       1.0       1.0
6E-03 10   0.7   0.293014   0.006986       0.997       2.0       1.0       1.0
6E-03 11   0.7   0.292816   0.007184       1.096       2.2       1.0       1.0
6E-03 12   0.7   0.290054   0.009946       2.484       5.0       1.0       1.0
6E-03 13   0.7   0.285122   0.014878       4.962      10.0       1.0       1.0
6E-03 14   0.7   0.265393   0.034607      14.875      30.0       1.0       1.0
6E-03 15   0.8   0.194000   0.006000       0.501       1.0       1.0       1.0
6E-03 16   0.8   0.193211   0.006789       0.898       1.8       1.0       1.0
6E-03 17   0.8   0.193014   0.006986       0.997       2.0       1.0       1.0
6E-03 18   0.8   0.192816   0.007184       1.096       2.2       1.0       1.0
6E-03 19   0.8   0.190054   0.009946       2.484       5.0       1.0       1.0
6E-03 20   0.8   0.185122   0.014878       4.962      10.0       1.0       1.0
6E-03 21   0.8   0.165393   0.034607      14.875      30.0       1.0       1.0
6E-03 22   0.5   0.493521   0.006479       0.501       1.0       2.5       1.0
6E-03 23   0.5   0.492732   0.007268       0.898       1.8       2.5       1.0
6E-03 24   0.5   0.492534   0.007466       0.997       2.0       2.5       1.0
6E-03 25   0.5   0.492337   0.007663       1.096       2.2       2.5       1.0
6E-03 26   0.5   0.489575   0.010425       2.484       5.0       2.5       1.0
6E-03 27   0.5   0.484643   0.015357       4.962      10.0       2.5       1.0
6E-03 28   0.5   0.464914   0.035086      14.875      30.0       2.5       1.0
6E-03 29   0.7   0.293521   0.006479       0.501       1.0       2.5       1.0
6E-03 30   0.7   0.292732   0.007268       0.898       1.8       2.5       1.0
6E-03 31   0.7   0.292534   0.007466       0.997       2.0       2.5       1.0
6E-03 32   0.7   0.292337   0.007663       1.096       2.2       2.5       1.0
6E-03 33   0.7   0.289575   0.010425       2.484       5.0       2.5       1.0
6E-03 34   0.7   0.284643   0.015357       4.962      10.0       2.5       1.0
6E-03 35   0.7   0.264914   0.035086      14.875      30.0       2.5       1.0
6E-03 36   0.8   0.193521   0.006479       0.501       1.0       2.5       1.0
6E-03 37   0.8   0.192732   0.007268       0.898       1.8       2.5       1.0
6E-03 38   0.8   0.192534   0.007466       0.997       2.0       2.5       1.0
6E-03 39   0.8   0.192337   0.007663       1.096       2.2       2.5       1.0
6E-03 40   0.8   0.189575   0.010425       2.484       5.0       2.5       1.0
6E-03 41   0.8   0.184643   0.015357       4.962      10.0       2.5       1.0
6E-03 42   0.8   0.164914   0.035086      14.875      30.0       2.5       1.0
6E-03 43   0.5   0.492722   0.007278       0.501       1.0       5.0       1.0
6E-03 44   0.5   0.491933   0.008067       0.898       1.8       5.0       1.0
6E-03 45   0.5   0.491736   0.008264       0.997       2.0       5.0       1.0
6E-03 46   0.5   0.491539   0.008461       1.096       2.2       5.0       1.0
6E-03 47   0.5   0.488777   0.011223       2.484       5.0       5.0       1.0
6E-03 48   0.5   0.483844   0.016156       4.962      10.0       5.0       1.0
6E-03 49   0.5   0.464115   0.035885      14.875      30.0       5.0       1.0
6E-03 50   0.7   0.292722   0.007278       0.501       1.0       5.0       1.0
6E-03 51   0.7   0.291933   0.008067       0.898       1.8       5.0       1.0
6E-03 52   0.7   0.291736   0.008264       0.997       2.0       5.0       1.0
6E-03 53   0.7   0.291539   0.008461       1.096       2.2       5.0       1.0
6E-03 54   0.7   0.288777   0.011223       2.484       5.0       5.0       1.0
6E-03 55   0.7   0.283844   0.016156       4.962      10.0       5.0       1.0
6E-03 56   0.7   0.264115   0.035885      14.875      30.0       5.0       1.0
6E-03 57   0.8   0.192722   0.007278       0.501       1.0       5.0       1.0
6E-03 58   0.8   0.191933   0.008067       0.898       1.8       5.0       1.0
6E-03 59   0.8   0.191736   0.008264       0.997       2.0       5.0       1.0
6E-03 60   0.8   0.191539   0.008461       1.096       2.2       5.0       1.0
6E-03 61   0.8   0.188777   0.011223       2.484       5.0       5.0       1.0
6E-03 62   0.8   0.183844   0.016156       4.962      10.0       5.0       1.0
6E-03 63   0.8   0.164115   0.035885      14.875      30.0       5.0       1.0
5E-03  1   0.5   0.495000   0.005000       0.501       1.0       1.0       1.0
5E-03  2   0.5   0.494342   0.005658       0.898       1.8       1.0       1.0
5E-03  3   0.5   0.494178   0.005822       0.997       2.0       1.0       1.0
5E-03  4   0.5   0.494014   0.005986       1.096       2.2       1.0       1.0
5E-03  5   0.5   0.491712   0.008288       2.484       5.0       1.0       1.0
5E-03  6   0.5   0.487602   0.012398       4.962      10.0       1.0       1.0
5E-03  7   0.5   0.471161   0.028839      14.875      30.0       1.0       1.0
5E-03  8   0.7   0.295000   0.005000       0.501       1.0       1.0       1.0
5E-03  9   0.7   0.294342   0.005658       0.898       1.8       1.0       1.0
5E-03 10   0.7   0.294178   0.005822       0.997       2.0       1.0       1.0
5E-03 11   0.7   0.294014   0.005986       1.096       2.2       1.0       1.0
5E-03 12   0.7   0.291712   0.008288       2.484       5.0       1.0       1.0
5E-03 13   0.7   0.287602   0.012398       4.962      10.0       1.0       1.0
5E-03 14   0.7   0.271161   0.028839      14.875      30.0       1.0       1.0
5E-03 15   0.8   0.195000   0.005000       0.501       1.0       1.0       1.0
5E-03 16   0.8   0.194342   0.005658       0.898       1.8       1.0       1.0
5E-03 17   0.8   0.194178   0.005822       0.997       2.0       1.0       1.0
5E-03 18   0.8   0.194014   0.005986       1.096       2.2       1.0       1.0
5E-03 19   0.8   0.191712   0.008288       2.484       5.0       1.0       1.0
5E-03 20   0.8   0.187602   0.012398       4.962      10.0       1.0       1.0
5E-03 21   0.8   0.171161   0.028839      14.875      30.0       1.0       1.0
5E-03 22   0.5   0.494601   0.005399       0.501       1.0       2.5       1.0
5E-03 23   0.5   0.493943   0.006057       0.898       1.8       2.5       1.0
5E-03 24   0.5   0.493779   0.006221       0.997       2.0       2.5       1.0
5E-03 25   0.5   0.493614   0.006386       1.096       2.2       2.5       1.0
5E-03 26   0.5   0.491313   0.008687       2.484       5.0       2.5       1.0
5E-03 27   0.5   0.487202   0.012798       4.962      10.0       2.5       1.0
5E-03 28   0.5   0.470762   0.029238      14.875      30.0       2.5       1.0
5E-03 29   0.7   0.294601   0.005399       0.501       1.0       2.5       1.0
5E-03 30   0.7   0.293943   0.006057       0.898       1.8       2.5       1.0
5E-03 31   0.7   0.293779   0.006221       0.997       2.0       2.5       1.0
5E-03 32   0.7   0.293614   0.006386       1.096       2.2       2.5       1.0
5E-03 33   0.7   0.291313   0.008687       2.484       5.0       2.5       1.0
5E-03 34   0.7   0.287202   0.012798       4.962      10.0       2.5       1.0
5E-03 35   0.7   0.270762   0.029238      14.875      30.0       2.5       1.0
5E-03 36   0.8   0.194601   0.005399       0.501       1.0       2.5       1.0
5E-03 37   0.8   0.193943   0.006057       0.898       1.8       2.5       1.0
5E-03 38   0.8   0.193779   0.006221       0.997       2.0       2.5       1.0
5E-03 39   0.8   0.193614   0.006386       1.096       2.2       2.5       1.0
5E-03 40   0.8   0.191313   0.008687       2.484       5.0       2.5       1.0
5E-03 41   0.8   0.187202   0.012798       4.962      10.0       2.5       1.0
5E-03 42   0.8   0.170762   0.029238      14.875      30.0       2.5       1.0
5E-03 43   0.5   0.493935   0.006065       0.501       1.0       5.0       1.0
5E-03 44   0.5   0.493278   0.006722       0.898       1.8       5.0       1.0
5E-03 45   0.5   0.493113   0.006887       0.997       2.0       5.0       1.0
5E-03 46   0.5   0.492949   0.007051       1.096       2.2       5.0       1.0
5E-03 47   0.5   0.490647   0.009353       2.484       5.0       5.0       1.0
5E-03 48   0.5   0.486537   0.013463       4.962      10.0       5.0       1.0
5E-03 49   0.5   0.470096   0.029904      14.875      30.0       5.0       1.0
5E-03 50   0.7   0.293935   0.006065       0.501       1.0       5.0       1.0
5E-03 51   0.7   0.293278   0.006722       0.898       1.8       5.0       1.0
5E-03 52   0.7   0.293113   0.006887       0.997       2.0       5.0       1.0
5E-03 53   0.7   0.292949   0.007051       1.096       2.2       5.0       1.0
5E-03 54   0.7   0.290647   0.009353       2.484       5.0       5.0       1.0
5E-03 55   0.7   0.286537   0.013463       4.962      10.0       5.0       1.0
5E-03 56   0.7   0.270096   0.029904      14.875      30.0       5.0       1.0
5E-03 57   0.8   0.193935   0.006065       0.501       1.0       5.0       1.0
5E-03 58   0.8   0.193278   0.006722       0.898       1.8       5.0       1.0
5E-03 59   0.8   0.193113   0.006887       0.997       2.0       5.0       1.0
5E-03 60   0.8   0.192949   0.007051       1.096       2.2       5.0       1.0
5E-03 61   0.8   0.190647   0.009353       2.484       5.0       5.0       1.0
5E-03 62   0.8   0.186537   0.013463       4.962      10.0       5.0       1.0
5E-03 63   0.8   0.170096   0.029904      14.875      30.0       5.0       1.0
4E-03  1   0.5   0.496000   0.004000       0.501       1.0       1.0       1.0
4E-03  2   0.5   0.495474   0.004526       0.898       1.8       1.0       1.0
4E-03  3   0.5   0.495342   0.004658       0.997       2.0       1.0       1.0
4E-03  4   0.5   0.495211   0.004789       1.096       2.2       1.0       1.0
4E-03  5   0.5   0.493369   0.006631       2.484       5.0       1.0       1.0
4E-03  6   0.5   0.490081   0.009919       4.962      10.0       1.0       1.0
4E-03  7   0.5   0.476929   0.023071      14.875      30.0       1.0       1.0
4E-03  8   0.7   0.296000   0.004000       0.501       1.0       1.0       1.0
4E-03  9   0.7   0.295474   0.004526       0.898       1.8       1.0       1.0
4E-03 10   0.7   0.295342   0.004658       0.997       2.0       1.0       1.0
4E-03 11   0.7   0.295211   0.004789       1.096       2.2       1.0       1.0
4E-03 12   0.7   0.293369   0.006631       2.484       5.0       1.0       1.0
4E-03 13   0.7   0.290081   0.009919       4.962      10.0       1.0       1.0
4E-03 14   0.7   0.276929   0.023071      14.875      30.0       1.0       1.0
4E-03 15   0.8   0.196000   0.004000       0.501       1.0       1.0       1.0
4E-03 16   0.8   0.195474   0.004526       0.898       1.8       1.0       1.0
4E-03 17   0.8   0.195342   0.004658       0.997       2.0       1.0       1.0
4E-03 18   0.8   0.195211   0.004789       1.096       2.2       1.0       1.0
4E-03 19   0.8   0.193369   0.006631       2.484       5.0       1.0       1.0
4E-03 20   0.8   0.190081   0.009919       4.962      10.0       1.0       1.0
4E-03 21   0.8   0.176929   0.023071      14.875      30.0       1.0       1.0
4E-03 22   0.5   0.495681   0.004319       0.501       1.0       2.5       1.0
4E-03 23   0.5   0.495154   0.004846       0.898       1.8       2.5       1.0
4E-03 24   0.5   0.495023   0.004977       0.997       2.0       2.5       1.0
4E-03 25   0.5   0.494891   0.005109       1.096       2.2       2.5       1.0
4E-03 26   0.5   0.493050   0.006950       2.484       5.0       2.5       1.0
4E-03 27   0.5   0.489762   0.010238       4.962      10.0       2.5       1.0
4E-03 28   0.5   0.476609   0.023391      14.875      30.0       2.5       1.0
4E-03 29   0.7   0.295681   0.004319       0.501       1.0       2.5       1.0
4E-03 30   0.7   0.295154   0.004846       0.898       1.8       2.5       1.0
4E-03 31   0.7   0.295023   0.004977       0.997       2.0       2.5       1.0
4E-03 32   0.7   0.294891   0.005109       1.096       2.2       2.5       1.0
4E-03 33   0.7   0.293050   0.006950       2.484       5.0       2.5       1.0
4E-03 34   0.7   0.289762   0.010238       4.962      10.0       2.5       1.0
4E-03 35   0.7   0.276609   0.023391      14.875      30.0       2.5       1.0
4E-03 36   0.8   0.195681   0.004319       0.501       1.0       2.5       1.0
4E-03 37   0.8   0.195154   0.004846       0.898       1.8       2.5       1.0
4E-03 38   0.8   0.195023   0.004977       0.997       2.0       2.5       1.0
4E-03 39   0.8   0.194891   0.005109       1.096       2.2       2.5       1.0
4E-03 40   0.8   0.193050   0.006950       2.484       5.0       2.5       1.0
4E-03 41   0.8   0.189762   0.010238       4.962      10.0       2.5       1.0
4E-03 42   0.8   0.176609   0.023391      14.875      30.0       2.5       1.0
4E-03 43   0.5   0.495148   0.004852       0.501       1.0       5.0       1.0
4E-03 44   0.5   0.494622   0.005378       0.898       1.8       5.0       1.0
4E-03 45   0.5   0.494491   0.005509       0.997       2.0       5.0       1.0
4E-03 46   0.5   0.494359   0.005641       1.096       2.2       5.0       1.0
4E-03 47   0.5   0.492518   0.007482       2.484       5.0       5.0       1.0
4E-03 48   0.5   0.489230   0.010770       4.962      10.0       5.0       1.0
4E-03 49   0.5   0.476077   0.023923      14.875      30.0       5.0       1.0
4E-03 50   0.7   0.295148   0.004852       0.501       1.0       5.0       1.0
4E-03 51   0.7   0.294622   0.005378       0.898       1.8       5.0       1.0
4E-03 52   0.7   0.294491   0.005509       0.997       2.0       5.0       1.0
4E-03 53   0.7   0.294359   0.005641       1.096       2.2       5.0       1.0
4E-03 54   0.7   0.292518   0.007482       2.484       5.0       5.0       1.0
4E-03 55   0.7   0.289230   0.010770       4.962      10.0       5.0       1.0
4E-03 56   0.7   0.276077   0.023923      14.875      30.0       5.0       1.0
4E-03 57   0.8   0.195148   0.004852       0.501       1.0       5.0       1.0
4E-03 58   0.8   0.194622   0.005378       0.898       1.8       5.0       1.0
4E-03 59   0.8   0.194491   0.005509       0.997       2.0       5.0       1.0
4E-03 60   0.8   0.194359   0.005641       1.096       2.2       5.0       1.0
4E-03 61   0.8   0.192518   0.007482       2.484       5.0       5.0       1.0
4E-03 62   0.8   0.189230   0.010770       4.962      10.0       5.0       1.0
4E-03 63   0.8   0.176077   0.023923      14.875      30.0       5.0       1.0
3E-03  1   0.5   0.497000   0.003000       0.501       1.0       1.0       1.0
3E-03  2   0.5   0.496605   0.003395       0.898       1.8       1.0       1.0
3E-03  3   0.5   0.496507   0.003493       0.997       2.0       1.0       1.0
3E-03  4   0.5   0.496408   0.003592       1.096       2.2       1.0       1.0
3E-03  5   0.5   0.494534   0.005466       2.979       6.0       1.0       1.0
3E-03  6   0.5   0.487629   0.012371       9.918      20.0       1.0       1.0
3E-03  7   0.5   0.462968   0.037032      34.700      70.0       1.0       1.0
3E-03  8   0.7   0.297000   0.003000       0.501       1.0       1.0       1.0
3E-03  9   0.7   0.296605   0.003395       0.898       1.8       1.0       1.0
3E-03 10   0.7   0.296507   0.003493       0.997       2.0       1.0       1.0
3E-03 11   0.7   0.296408   0.003592       1.096       2.2       1.0       1.0
3E-03 12   0.7   0.294534   0.005466       2.979       6.0       1.0       1.0
3E-03 13   0.7   0.287629   0.012371       9.918      20.0       1.0       1.0
3E-03 14   0.7   0.262968   0.037032      34.700      70.0       1.0       1.0
3E-03 15   0.8   0.197000   0.003000       0.501       1.0       1.0       1.0
3E-03 16   0.8   0.196605   0.003395       0.898       1.8       1.0       1.0
3E-03 17   0.8   0.196507   0.003493       0.997       2.0       1.0       1.0
3E-03 18   0.8   0.196408   0.003592       1.096       2.2       1.0       1.0
3E-03 19   0.8   0.194534   0.005466       2.979       6.0       1.0       1.0
3E-03 20   0.8   0.187629   0.012371       9.918      20.0       1.0       1.0
3E-03 21   0.8   0.162968   0.037032      34.700      70.0       1.0       1.0
3E-03 22   0.5   0.496681   0.003319       0.501       1.0       3.0       1.0
3E-03 23   0.5   0.496286   0.003714       0.898       1.8       3.0       1.0
3E-03 24   0.5   0.496187   0.003813       0.997       2.0       3.0       1.0
3E-03 25   0.5   0.496089   0.003911       1.096       2.2       3.0       1.0
3E-03 26   0.5   0.494214   0.005786       2.979       6.0       3.0       1.0
3E-03 27   0.5   0.487309   0.012691       9.918      20.0       3.0       1.0
3E-03 28   0.5   0.462648   0.037352      34.700      70.0       3.0       1.0
3E-03 29   0.7   0.296681   0.003319       0.501       1.0       3.0       1.0
3E-03 30   0.7   0.296286   0.003714       0.898       1.8       3.0       1.0
3E-03 31   0.7   0.296187   0.003813       0.997       2.0       3.0       1.0
3E-03 32   0.7   0.296089   0.003911       1.096       2.2       3.0       1.0
3E-03 33   0.7   0.294214   0.005786       2.979       6.0       3.0       1.0
3E-03 34   0.7   0.287309   0.012691       9.918      20.0       3.0       1.0
3E-03 35   0.7   0.262648   0.037352      34.700      70.0       3.0       1.0
3E-03 36   0.8   0.196681   0.003319       0.501       1.0       3.0       1.0
3E-03 37   0.8   0.196286   0.003714       0.898       1.8       3.0       1.0
3E-03 38   0.8   0.196187   0.003813       0.997       2.0       3.0       1.0
3E-03 39   0.8   0.196089   0.003911       1.096       2.2       3.0       1.0
3E-03 40   0.8   0.194214   0.005786       2.979       6.0       3.0       1.0
3E-03 41   0.8   0.187309   0.012691       9.918      20.0       3.0       1.0
3E-03 42   0.8   0.162648   0.037352      34.700      70.0       3.0       1.0
3E-03 43   0.5   0.495882   0.004118       0.501       1.0       8.0       1.0
3E-03 44   0.5   0.495487   0.004513       0.898       1.8       8.0       1.0
3E-03 45   0.5   0.495389   0.004611       0.997       2.0       8.0       1.0
3E-03 46   0.5   0.495290   0.004710       1.096       2.2       8.0       1.0
3E-03 47   0.5   0.493416   0.006584       2.979       6.0       8.0       1.0
3E-03 48   0.5   0.486511   0.013489       9.918      20.0       8.0       1.0
3E-03 49   0.5   0.461850   0.038150      34.700      70.0       8.0       1.0
3E-03 50   0.7   0.295882   0.004118       0.501       1.0       8.0       1.0
3E-03 51   0.7   0.295487   0.004513       0.898       1.8       8.0       1.0
3E-03 52   0.7   0.295389   0.004611       0.997       2.0       8.0       1.0
3E-03 53   0.7   0.295290   0.004710       1.096       2.2       8.0       1.0
3E-03 54   0.7   0.293416   0.006584       2.979       6.0       8.0       1.0
3E-03 55   0.7   0.286511   0.013489       9.918      20.0       8.0       1.0
3E-03 56   0.7   0.261850   0.038150      34.700      70.0       8.0       1.0
3E-03 57   0.8   0.195882   0.004118       0.501       1.0       8.0       1.0
3E-03 58   0.8   0.195487   0.004513       0.898       1.8       8.0       1.0
3E-03 59   0.8   0.195389   0.004611       0.997       2.0       8.0       1.0
3E-03 60   0.8   0.195290   0.004710       1.096       2.2       8.0       1.0
3E-03 61   0.8   0.193416   0.006584       2.979       6.0       8.0       1.0
3E-03 62   0.8   0.186511   0.013489       9.918      20.0       8.0       1.0
3E-03 63   0.8   0.161850   0.038150      34.700      70.0       8.0       1.0
2E-03  1   0.5   0.498000   0.002000       0.501       1.0       1.0       1.0
2E-03  2   0.5   0.497737   0.002263       0.898       1.8       1.0       1.0
2E-03  3   0.5   0.497671   0.002329       0.997       2.0       1.0       1.0
2E-03  4   0.5   0.497605   0.002395       1.096       2.2       1.0       1.0
2E-03  5   0.5   0.496356   0.003644       2.979       6.0       1.0       1.0
2E-03  6   0.5   0.491752   0.008248       9.918      20.0       1.0       1.0
2E-03  7   0.5   0.475312   0.024688      34.700      70.0       1.0       1.0
2E-03  8   0.7   0.298000   0.002000       0.501       1.0       1.0       1.0
2E-03  9   0.7   0.297737   0.002263       0.898       1.8       1.0       1.0
2E-03 10   0.7   0.297671   0.002329       0.997       2.0       1.0       1.0
2E-03 11   0.7   0.297605   0.002395       1.096       2.2       1.0       1.0
2E-03 12   0.7   0.296356   0.003644       2.979       6.0       1.0       1.0
2E-03 13   0.7   0.291752   0.008248       9.918      20.0       1.0       1.0
2E-03 14   0.7   0.275312   0.024688      34.700      70.0       1.0       1.0
2E-03 15   0.8   0.198000   0.002000       0.501       1.0       1.0       1.0
2E-03 16   0.8   0.197737   0.002263       0.898       1.8       1.0       1.0
2E-03 17   0.8   0.197671   0.002329       0.997       2.0       1.0       1.0
2E-03 18   0.8   0.197605   0.002395       1.096       2.2       1.0       1.0
2E-03 19   0.8   0.196356   0.003644       2.979       6.0       1.0       1.0
2E-03 20   0.8   0.191752   0.008248       9.918      20.0       1.0       1.0
2E-03 21   0.8   0.175312   0.024688      34.700      70.0       1.0       1.0
2E-03 22   0.5   0.497787   0.002213       0.501       1.0       3.0       1.0
2E-03 23   0.5   0.497524   0.002476       0.898       1.8       3.0       1.0
2E-03 24   0.5   0.497458   0.002542       0.997       2.0       3.0       1.0
2E-03 25   0.5   0.497392   0.002608       1.096       2.2       3.0       1.0
2E-03 26   0.5   0.496143   0.003857       2.979       6.0       3.0       1.0
2E-03 27   0.5   0.491540   0.008460       9.918      20.0       3.0       1.0
2E-03 28   0.5   0.475099   0.024901      34.700      70.0       3.0       1.0
2E-03 29   0.7   0.297787   0.002213       0.501       1.0       3.0       1.0
2E-03 30   0.7   0.297524   0.002476       0.898       1.8       3.0       1.0
2E-03 31   0.7   0.297458   0.002542       0.997       2.0       3.0       1.0
2E-03 32   0.7   0.297392   0.002608       1.096       2.2       3.0       1.0
2E-03 33   0.7   0.296143   0.003857       2.979       6.0       3.0       1.0
2E-03 34   0.7   0.291540   0.008460       9.918      20.0       3.0       1.0
2E-03 35   0.7   0.275099   0.024901      34.700      70.0       3.0       1.0
2E-03 36   0.8   0.197787   0.002213       0.501       1.0       3.0       1.0
2E-03 37   0.8   0.197524   0.002476       0.898       1.8       3.0       1.0
2E-03 38   0.8   0.197458   0.002542       0.997       2.0       3.0       1.0
2E-03 39   0.8   0.197392   0.002608       1.096       2.2       3.0       1.0
2E-03 40   0.8   0.196143   0.003857       2.979       6.0       3.0       1.0
2E-03 41   0.8   0.191540   0.008460       9.918      20.0       3.0       1.0
2E-03 42   0.8   0.175099   0.024901      34.700      70.0       3.0       1.0
2E-03 43   0.5   0.497255   0.002745       0.501       1.0       8.0       1.0
2E-03 44   0.5   0.496992   0.003008       0.898       1.8       8.0       1.0
2E-03 45   0.5   0.496926   0.003074       0.997       2.0       8.0       1.0
2E-03 46   0.5   0.496860   0.003140       1.096       2.2       8.0       1.0
2E-03 47   0.5   0.495611   0.004389       2.979       6.0       8.0       1.0
2E-03 48   0.5   0.491007   0.008993       9.918      20.0       8.0       1.0
2E-03 49   0.5   0.474566   0.025434      34.700      70.0       8.0       1.0
2E-03 50   0.7   0.297255   0.002745       0.501       1.0       8.0       1.0
2E-03 51   0.7   0.296992   0.003008       0.898       1.8       8.0       1.0
2E-03 52   0.7   0.296926   0.003074       0.997       2.0       8.0       1.0
2E-03 53   0.7   0.296860   0.003140       1.096       2.2       8.0       1.0
2E-03 54   0.7   0.295611   0.004389       2.979       6.0       8.0       1.0
2E-03 55   0.7   0.291007   0.008993       9.918      20.0       8.0       1.0
2E-03 56   0.7   0.274566   0.025434      34.700      70.0       8.0       1.0
2E-03 57   0.8   0.197255   0.002745       0.501       1.0       8.0       1.0
2E-03 58   0.8   0.196992   0.003008       0.898       1.8       8.0       1.0
2E-03 59   0.8   0.196926   0.003074       0.997       2.0       8.0       1.0
2E-03 60   0.8   0.196860   0.003140       1.096       2.2       8.0       1.0
2E-03 61   0.8   0.195611   0.004389       2.979       6.0       8.0       1.0
2E-03 62   0.8   0.191007   0.008993       9.918      20.0       8.0       1.0
2E-03 63   0.8   0.174566   0.025434      34.700      70.0       8.0       1.0
1E-03  1   0.5   0.499000   0.001000       0.501       1.0       1.0       1.0
1E-03  2   0.5   0.498868   0.001132       0.898       1.8       1.0       1.0
1E-03  3   0.5   0.498836   0.001164       0.997       2.0       1.0       1.0
1E-03  4   0.5   0.498803   0.001197       1.096       2.2       1.0       1.0
1E-03  5   0.5   0.497849   0.002151       3.971       8.0       1.0       1.0
1E-03  6   0.5   0.493410   0.006590      17.353      35.0       1.0       1.0
1E-03  7   0.5   0.474503   0.025497      74.351     150.0       1.0       1.0
1E-03  8   0.7   0.299000   0.001000       0.501       1.0       1.0       1.0
1E-03  9   0.7   0.298868   0.001132       0.898       1.8       1.0       1.0
1E-03 10   0.7   0.298836   0.001164       0.997       2.0       1.0       1.0
1E-03 11   0.7   0.298803   0.001197       1.096       2.2       1.0       1.0
1E-03 12   0.7   0.297849   0.002151       3.971       8.0       1.0       1.0
1E-03 13   0.7   0.293410   0.006590      17.353      35.0       1.0       1.0
1E-03 14   0.7   0.274503   0.025497      74.351     150.0       1.0       1.0
1E-03 15   0.8   0.199000   0.001000       0.501       1.0       1.0       1.0
1E-03 16   0.8   0.198868   0.001132       0.898       1.8       1.0       1.0
1E-03 17   0.8   0.198836   0.001164       0.997       2.0       1.0       1.0
1E-03 18   0.8   0.198803   0.001197       1.096       2.2       1.0       1.0
1E-03 19   0.8   0.197849   0.002151       3.971       8.0       1.0       1.0
1E-03 20   0.8   0.193410   0.006590      17.353      35.0       1.0       1.0
1E-03 21   0.8   0.174503   0.025497      74.351     150.0       1.0       1.0
1E-03 22   0.5   0.498840   0.001160       0.501       1.0       4.0       1.0
1E-03 23   0.5   0.498709   0.001291       0.898       1.8       4.0       1.0
1E-03 24   0.5   0.498676   0.001324       0.997       2.0       4.0       1.0
1E-03 25   0.5   0.498643   0.001357       1.096       2.2       4.0       1.0
1E-03 26   0.5   0.497689   0.002311       3.971       8.0       4.0       1.0
1E-03 27   0.5   0.493250   0.006750      17.353      35.0       4.0       1.0
1E-03 28   0.5   0.474343   0.025657      74.351     150.0       4.0       1.0
1E-03 29   0.7   0.298840   0.001160       0.501       1.0       4.0       1.0
1E-03 30   0.7   0.298709   0.001291       0.898       1.8       4.0       1.0
1E-03 31   0.7   0.298676   0.001324       0.997       2.0       4.0       1.0
1E-03 32   0.7   0.298643   0.001357       1.096       2.2       4.0       1.0
1E-03 33   0.7   0.297689   0.002311       3.971       8.0       4.0       1.0
1E-03 34   0.7   0.293250   0.006750      17.353      35.0       4.0       1.0
1E-03 35   0.7   0.274343   0.025657      74.351     150.0       4.0       1.0
1E-03 36   0.8   0.198840   0.001160       0.501       1.0       4.0       1.0
1E-03 37   0.8   0.198709   0.001291       0.898       1.8       4.0       1.0
1E-03 38   0.8   0.198676   0.001324       0.997       2.0       4.0       1.0
1E-03 39   0.8   0.198643   0.001357       1.096       2.2       4.0       1.0
1E-03 40   0.8   0.197689   0.002311       3.971       8.0       4.0       1.0
1E-03 41   0.8   0.193250   0.006750      17.353      35.0       4.0       1.0
1E-03 42   0.8   0.174343   0.025657      74.351     150.0       4.0       1.0
1E-03 43   0.5   0.498201   0.001799       0.501       1.0      16.0       1.0
1E-03 44   0.5   0.498070   0.001930       0.898       1.8      16.0       1.0
1E-03 45   0.5   0.498037   0.001963       0.997       2.0      16.0       1.0
1E-03 46   0.5   0.498004   0.001996       1.096       2.2      16.0       1.0
1E-03 47   0.5   0.497051   0.002949       3.971       8.0      16.0       1.0
1E-03 48   0.5   0.492612   0.007388      17.353      35.0      16.0       1.0
1E-03 49   0.5   0.473705   0.026295      74.351     150.0      16.0       1.0
1E-03 50   0.7   0.298201   0.001799       0.501       1.0      16.0       1.0
1E-03 51   0.7   0.298070   0.001930       0.898       1.8      16.0       1.0
1E-03 52   0.7   0.298037   0.001963       0.997       2.0      16.0       1.0
1E-03 53   0.7   0.298004   0.001996       1.096       2.2      16.0       1.0
1E-03 54   0.7   0.297051   0.002949       3.971       8.0      16.0       1.0
1E-03 55   0.7   0.292612   0.007388      17.353      35.0      16.0       1.0
1E-03 56   0.7   0.273705   0.026295      74.351     150.0      16.0       1.0
1E-03 57   0.8   0.198201   0.001799       0.501       1.0      16.0       1.0
1E-03 58   0.8   0.198070   0.001930       0.898       1.8      16.0       1.0
1E-03 59   0.8   0.198037   0.001963       0.997       2.0      16.0       1.0
1E-03 60   0.8   0.198004   0.001996       1.096       2.2      16.0       1.0
1E-03 61   0.8   0.197051   0.002949       3.971       8.0      16.0       1.0
1E-03 62   0.8   0.192612   0.007388      17.353      35.0      16.0       1.0
1E-03 63   0.8   0.173705   0.026295      74.351     150.0      16.0       1.0
3E-04  1   0.5   0.499700   0.000300       0.501       1.0       1.0       1.0
3E-04  2   0.5   0.499661   0.000339       0.898       1.8       1.0       1.0
3E-04  3   0.5   0.499651   0.000349       0.997       2.0       1.0       1.0
3E-04  4   0.5   0.499641   0.000359       1.096       2.2       1.0       1.0
3E-04  5   0.5   0.499157   0.000843       5.953      12.0       1.0       1.0
3E-04  6   0.5   0.496050   0.003950      37.178      75.0       1.0       1.0
3E-04  7   0.5   0.475088   0.024912     247.823     500.0       1.0       1.0
3E-04  8   0.7   0.299700   0.000300       0.501       1.0       1.0       1.0
3E-04  9   0.7   0.299661   0.000339       0.898       1.8       1.0       1.0
3E-04 10   0.7   0.299651   0.000349       0.997       2.0       1.0       1.0
3E-04 11   0.7   0.299641   0.000359       1.096       2.2       1.0       1.0
3E-04 12   0.7   0.299157   0.000843       5.953      12.0       1.0       1.0
3E-04 13   0.7   0.296050   0.003950      37.178      75.0       1.0       1.0
3E-04 14   0.7   0.275088   0.024912     247.823     500.0       1.0       1.0
3E-04 15   0.8   0.199700   0.000300       0.501       1.0       1.0       1.0
3E-04 16   0.8   0.199661   0.000339       0.898       1.8       1.0       1.0
3E-04 17   0.8   0.199651   0.000349       0.997       2.0       1.0       1.0
3E-04 18   0.8   0.199641   0.000359       1.096       2.2       1.0       1.0
3E-04 19   0.8   0.199157   0.000843       5.953      12.0       1.0       1.0
3E-04 20   0.8   0.196050   0.003950      37.178      75.0       1.0       1.0
3E-04 21   0.8   0.175088   0.024912     247.823     500.0       1.0       1.0
3E-04 22   0.5   0.499604   0.000396       0.501       1.0       7.0       1.0
3E-04 23   0.5   0.499565   0.000435       0.898       1.8       7.0       1.0
3E-04 24   0.5   0.499555   0.000445       0.997       2.0       7.0       1.0
3E-04 25   0.5   0.499545   0.000455       1.096       2.2       7.0       1.0
3E-04 26   0.5   0.499062   0.000938       5.953      12.0       7.0       1.0
3E-04 27   0.5   0.495954   0.004046      37.178      75.0       7.0       1.0
3E-04 28   0.5   0.474992   0.025008     247.823     500.0       7.0       1.0
3E-04 29   0.7   0.299604   0.000396       0.501       1.0       7.0       1.0
3E-04 30   0.7   0.299565   0.000435       0.898       1.8       7.0       1.0
3E-04 31   0.7   0.299555   0.000445       0.997       2.0       7.0       1.0
3E-04 32   0.7   0.299545   0.000455       1.096       2.2       7.0       1.0
3E-04 33   0.7   0.299062   0.000938       5.953      12.0       7.0       1.0
3E-04 34   0.7   0.295954   0.004046      37.178      75.0       7.0       1.0
3E-04 35   0.7   0.274992   0.025008     247.823     500.0       7.0       1.0
3E-04 36   0.8   0.199604   0.000396       0.501       1.0       7.0       1.0
3E-04 37   0.8   0.199565   0.000435       0.898       1.8       7.0       1.0
3E-04 38   0.8   0.199555   0.000445       0.997       2.0       7.0       1.0
3E-04 39   0.8   0.199545   0.000455       1.096       2.2       7.0       1.0
3E-04 40   0.8   0.199062   0.000938       5.953      12.0       7.0       1.0
3E-04 41   0.8   0.195954   0.004046      37.178      75.0       7.0       1.0
3E-04 42   0.8   0.174992   0.025008     247.823     500.0       7.0       1.0
3E-04 43   0.5   0.498917   0.001083       0.501       1.0      50.0       1.0
3E-04 44   0.5   0.498878   0.001122       0.898       1.8      50.0       1.0
3E-04 45   0.5   0.498868   0.001132       0.997       2.0      50.0       1.0
3E-04 46   0.5   0.498858   0.001142       1.096       2.2      50.0       1.0
3E-04 47   0.5   0.498375   0.001625       5.953      12.0      50.0       1.0
3E-04 48   0.5   0.495268   0.004732      37.178      75.0      50.0       1.0
3E-04 49   0.5   0.474306   0.025694     247.823     500.0      50.0       1.0
3E-04 50   0.7   0.298917   0.001083       0.501       1.0      50.0       1.0
3E-04 51   0.7   0.298878   0.001122       0.898       1.8      50.0       1.0
3E-04 52   0.7   0.298868   0.001132       0.997       2.0      50.0       1.0
3E-04 53   0.7   0.298858   0.001142       1.096       2.2      50.0       1.0
3E-04 54   0.7   0.298375   0.001625       5.953      12.0      50.0       1.0
3E-04 55   0.7   0.295268   0.004732      37.178      75.0      50.0       1.0
3E-04 56   0.7   0.274306   0.025694     247.823     500.0      50.0       1.0
3E-04 57   0.8   0.198917   0.001083       0.501       1.0      50.0       1.0
3E-04 58   0.8   0.198878   0.001122       0.898       1.8      50.0       1.0
3E-04 59   0.8   0.198868   0.001132       0.997       2.0      50.0       1.0
3E-04 60   0.8   0.198858   0.001142       1.096       2.2      50.0       1.0
3E-04 61   0.8   0.198375   0.001625       5.953      12.0      50.0       1.0
3E-04 62   0.8   0.195268   0.004732      37.178      75.0      50.0       1.0
3E-04 63   0.8   0.174306   0.025694     247.823     500.0      50.0       1.0
1E-04  1   0.5   0.499900   0.000100       0.501       1.0       1.0       1.0
1E-04  2   0.5   0.499887   0.000113       0.898       1.8       1.0       1.0
1E-04  3   0.5   0.499884   0.000116       0.997       2.0       1.0       1.0
1E-04  4   0.5   0.499880   0.000120       1.096       2.2       1.0       1.0
1E-04  5   0.5   0.499621   0.000379       8.927      18.0       1.0       1.0
1E-04  6   0.5   0.497450   0.002550      74.351     150.0       1.0       1.0
1E-04  7   0.5   0.475255   0.024745     743.458    1500.0       1.0       1.0
1E-04  8   0.7   0.299900   0.000100       0.501       1.0       1.0       1.0
1E-04  9   0.7   0.299887   0.000113       0.898       1.8       1.0       1.0
1E-04 10   0.7   0.299884   0.000116       0.997       2.0       1.0       1.0
1E-04 11   0.7   0.299880   0.000120       1.096       2.2       1.0       1.0
1E-04 12   0.7   0.299621   0.000379       8.927      18.0       1.0       1.0
1E-04 13   0.7   0.297450   0.002550      74.351     150.0       1.0       1.0
1E-04 14   0.7   0.275255   0.024745     743.458    1500.0       1.0       1.0
1E-04 15   0.8   0.199900   0.000100       0.501       1.0       1.0       1.0
1E-04 16   0.8   0.199887   0.000113       0.898       1.8       1.0       1.0
1E-04 17   0.8   0.199884   0.000116       0.997       2.0       1.0       1.0
1E-04 18   0.8   0.199880   0.000120       1.096       2.2       1.0       1.0
1E-04 19   0.8   0.199621   0.000379       8.927      18.0       1.0       1.0
1E-04 20   0.8   0.197450   0.002550      74.351     150.0       1.0       1.0
1E-04 21   0.8   0.175255   0.024745     743.458    1500.0       1.0       1.0
1E-04 22   0.5   0.499841   0.000159       0.501       1.0      12.0       1.0
1E-04 23   0.5   0.499828   0.000172       0.898       1.8      12.0       1.0
1E-04 24   0.5   0.499825   0.000175       0.997       2.0      12.0       1.0
1E-04 25   0.5   0.499822   0.000178       1.096       2.2      12.0       1.0
1E-04 26   0.5   0.499562   0.000438       8.927      18.0      12.0       1.0
1E-04 27   0.5   0.497392   0.002608      74.351     150.0      12.0       1.0
1E-04 28   0.5   0.475197   0.024803     743.458    1500.0      12.0       1.0
1E-04 29   0.7   0.299841   0.000159       0.501       1.0      12.0       1.0
1E-04 30   0.7   0.299828   0.000172       0.898       1.8      12.0       1.0
1E-04 31   0.7   0.299825   0.000175       0.997       2.0      12.0       1.0
1E-04 32   0.7   0.299822   0.000178       1.096       2.2      12.0       1.0
1E-04 33   0.7   0.299562   0.000438       8.927      18.0      12.0       1.0
1E-04 34   0.7   0.297392   0.002608      74.351     150.0      12.0       1.0
1E-04 35   0.7   0.275197   0.024803     743.458    1500.0      12.0       1.0
1E-04 36   0.8   0.199841   0.000159       0.501       1.0      12.0       1.0
1E-04 37   0.8   0.199828   0.000172       0.898       1.8      12.0       1.0
1E-04 38   0.8   0.199825   0.000175       0.997       2.0      12.0       1.0
1E-04 39   0.8   0.199822   0.000178       1.096       2.2      12.0       1.0
1E-04 40   0.8   0.199562   0.000438       8.927      18.0      12.0       1.0
1E-04 41   0.8   0.197392   0.002608      74.351     150.0      12.0       1.0
1E-04 42   0.8   0.175197   0.024803     743.458    1500.0      12.0       1.0
1E-04 43   0.5   0.499107   0.000893       0.501       1.0     150.0       1.0
1E-04 44   0.5   0.499094   0.000906       0.898       1.8     150.0       1.0
1E-04 45   0.5   0.499090   0.000910       0.997       2.0     150.0       1.0
1E-04 46   0.5   0.499087   0.000913       1.096       2.2     150.0       1.0
1E-04 47   0.5   0.498827   0.001173       8.927      18.0     150.0       1.0
1E-04 48   0.5   0.496657   0.003343      74.351     150.0     150.0       1.0
1E-04 49   0.5   0.474462   0.025538     743.458    1500.0     150.0       1.0
1E-04 50   0.7   0.299107   0.000893       0.501       1.0     150.0       1.0
1E-04 51   0.7   0.299094   0.000906       0.898       1.8     150.0       1.0
1E-04 52   0.7   0.299090   0.000910       0.997       2.0     150.0       1.0
1E-04 53   0.7   0.299087   0.000913       1.096       2.2     150.0       1.0
1E-04 54   0.7   0.298827   0.001173       8.927      18.0     150.0       1.0
1E-04 55   0.7   0.296657   0.003343      74.351     150.0     150.0       1.0
1E-04 56   0.7   0.274462   0.025538     743.458    1500.0     150.0       1.0
1E-04 57   0.8   0.199107   0.000893       0.501       1.0     150.0       1.0
1E-04 58   0.8   0.199094   0.000906       0.898       1.8     150.0       1.0
1E-04 59   0.8   0.199090   0.000910       0.997       2.0     150.0       1.0
1E-04 60   0.8   0.199087   0.000913       1.096       2.2     150.0       1.0
1E-04 61   0.8   0.198827   0.001173       8.927      18.0     150.0       1.0
1E-04 62   0.8   0.196657   0.003343      74.351     150.0     150.0       1.0
1E-04 63   0.8   0.174462   0.025538     743.458    1500.0     150.0       1.0
3E-05  1   0.5   0.499970   0.000030       0.501       1.0       1.0       1.0
3E-05  2   0.5   0.499966   0.000034       0.898       1.8       1.0       1.0
3E-05  3   0.5   0.499965   0.000035       0.997       2.0       1.0       1.0
3E-05  4   0.5   0.499964   0.000036       1.096       2.2       1.0       1.0
3E-05  5   0.5   0.499842   0.000158      13.388      27.0       1.0       1.0
3E-05  6   0.5   0.498249   0.001751     173.478     350.0       1.0       1.0
3E-05  7   0.5   0.475314   0.024686    2478.181    5000.0       1.0       1.0
3E-05  8   0.7   0.299970   0.000030       0.501       1.0       1.0       1.0
3E-05  9   0.7   0.299966   0.000034       0.898       1.8       1.0       1.0
3E-05 10   0.7   0.299965   0.000035       0.997       2.0       1.0       1.0
3E-05 11   0.7   0.299964   0.000036       1.096       2.2       1.0       1.0
3E-05 12   0.7   0.299842   0.000158      13.388      27.0       1.0       1.0
3E-05 13   0.7   0.298249   0.001751     173.478     350.0       1.0       1.0
3E-05 14   0.7   0.275314   0.024686    2478.181    5000.0       1.0       1.0
3E-05 15   0.8   0.199970   0.000030       0.501       1.0       1.0       1.0
3E-05 16   0.8   0.199966   0.000034       0.898       1.8       1.0       1.0
3E-05 17   0.8   0.199965   0.000035       0.997       2.0       1.0       1.0
3E-05 18   0.8   0.199964   0.000036       1.096       2.2       1.0       1.0
3E-05 19   0.8   0.199842   0.000158      13.388      27.0       1.0       1.0
3E-05 20   0.8   0.198249   0.001751     173.478     350.0       1.0       1.0
3E-05 21   0.8   0.175314   0.024686    2478.181    5000.0       1.0       1.0
3E-05 22   0.5   0.499936   0.000064       0.501       1.0      22.0       1.0
3E-05 23   0.5   0.499933   0.000067       0.898       1.8      22.0       1.0
3E-05 24   0.5   0.499932   0.000068       0.997       2.0      22.0       1.0
3E-05 25   0.5   0.499931   0.000069       1.096       2.2      22.0       1.0
3E-05 26   0.5   0.499808   0.000192      13.388      27.0      22.0       1.0
3E-05 27   0.5   0.498215   0.001785     173.478     350.0      22.0       1.0
3E-05 28   0.5   0.475280   0.024720    2478.181    5000.0      22.0       1.0
3E-05 29   0.7   0.299936   0.000064       0.501       1.0      22.0       1.0
3E-05 30   0.7   0.299933   0.000067       0.898       1.8      22.0       1.0
3E-05 31   0.7   0.299932   0.000068       0.997       2.0      22.0       1.0
3E-05 32   0.7   0.299931   0.000069       1.096       2.2      22.0       1.0
3E-05 33   0.7   0.299808   0.000192      13.388      27.0      22.0       1.0
3E-05 34   0.7   0.298215   0.001785     173.478     350.0      22.0       1.0
3E-05 35   0.7   0.275280   0.024720    2478.181    5000.0      22.0       1.0
3E-05 36   0.8   0.199936   0.000064       0.501       1.0      22.0       1.0
3E-05 37   0.8   0.199933   0.000067       0.898       1.8      22.0       1.0
3E-05 38   0.8   0.199932   0.000068       0.997       2.0      22.0       1.0
3E-05 39   0.8   0.199931   0.000069       1.096       2.2      22.0       1.0
3E-05 40   0.8   0.199808   0.000192      13.388      27.0      22.0       1.0
3E-05 41   0.8   0.198215   0.001785     173.478     350.0      22.0       1.0
3E-05 42   0.8   0.175280   0.024720    2478.181    5000.0      22.0       1.0
3E-05 43   0.5   0.499173   0.000827       0.501       1.0     500.0       1.0
3E-05 44   0.5   0.499169   0.000831       0.898       1.8     500.0       1.0
3E-05 45   0.5   0.499168   0.000832       0.997       2.0     500.0       1.0
3E-05 46   0.5   0.499167   0.000833       1.096       2.2     500.0       1.0
3E-05 47   0.5   0.499045   0.000955      13.388      27.0     500.0       1.0
3E-05 48   0.5   0.497452   0.002548     173.478     350.0     500.0       1.0
3E-05 49   0.5   0.474517   0.025483    2478.181    5000.0     500.0       1.0
3E-05 50   0.7   0.299173   0.000827       0.501       1.0     500.0       1.0
3E-05 51   0.7   0.299169   0.000831       0.898       1.8     500.0       1.0
3E-05 52   0.7   0.299168   0.000832       0.997       2.0     500.0       1.0
3E-05 53   0.7   0.299167   0.000833       1.096       2.2     500.0       1.0
3E-05 54   0.7   0.299045   0.000955      13.388      27.0     500.0       1.0
3E-05 55   0.7   0.297452   0.002548     173.478     350.0     500.0       1.0
3E-05 56   0.7   0.274517   0.025483    2478.181    5000.0     500.0       1.0
3E-05 57   0.8   0.199173   0.000827       0.501       1.0     500.0       1.0
3E-05 58   0.8   0.199169   0.000831       0.898       1.8     500.0       1.0
3E-05 59   0.8   0.199168   0.000832       0.997       2.0     500.0       1.0
3E-05 60   0.8   0.199167   0.000833       1.096       2.2     500.0       1.0
3E-05 61   0.8   0.199045   0.000955      13.388      27.0     500.0       1.0
3E-05 62   0.8   0.197452   0.002548     173.478     350.0     500.0       1.0
3E-05 63   0.8   0.174517   0.025483    2478.181    5000.0     500.0       1.0
1E-05  1   0.5   0.499990   0.000010       0.501       1.0       1.0       1.0
1E-05  2   0.5   0.499989   0.000011       0.898       1.8       1.0       1.0
1E-05  3   0.5   0.499988   0.000012       0.997       2.0       1.0       1.0
1E-05  4   0.5   0.499988   0.000012       1.096       2.2       1.0       1.0
1E-05  5   0.5   0.499926   0.000074      19.831      40.0       1.0       1.0
1E-05  6   0.5   0.498759   0.001241     371.732     750.0       1.0       1.0
1E-05  7   0.5   0.475330   0.024670    7434.532   15000.0       1.0       1.0
1E-05  8   0.7   0.299990   0.000010       0.501       1.0       1.0       1.0
1E-05  9   0.7   0.299989   0.000011       0.898       1.8       1.0       1.0
1E-05 10   0.7   0.299988   0.000012       0.997       2.0       1.0       1.0
1E-05 11   0.7   0.299988   0.000012       1.096       2.2       1.0       1.0
1E-05 12   0.7   0.299926   0.000074      19.831      40.0       1.0       1.0
1E-05 13   0.7   0.298759   0.001241     371.732     750.0       1.0       1.0
1E-05 14   0.7   0.275330   0.024670    7434.532   15000.0       1.0       1.0
1E-05 15   0.8   0.199990   0.000010       0.501       1.0       1.0       1.0
1E-05 16   0.8   0.199989   0.000011       0.898       1.8       1.0       1.0
1E-05 17   0.8   0.199988   0.000012       0.997       2.0       1.0       1.0
1E-05 18   0.8   0.199988   0.000012       1.096       2.2       1.0       1.0
1E-05 19   0.8   0.199926   0.000074      19.831      40.0       1.0       1.0
1E-05 20   0.8   0.198759   0.001241     371.732     750.0       1.0       1.0
1E-05 21   0.8   0.175330   0.024670    7434.532   15000.0       1.0       1.0
1E-05 22   0.5   0.499969   0.000031       0.501       1.0      40.0       1.0
1E-05 23   0.5   0.499968   0.000032       0.898       1.8      40.0       1.0
1E-05 24   0.5   0.499968   0.000032       0.997       2.0      40.0       1.0
1E-05 25   0.5   0.499967   0.000033       1.096       2.2      40.0       1.0
1E-05 26   0.5   0.499905   0.000095      19.831      40.0      40.0       1.0
1E-05 27   0.5   0.498738   0.001262     371.732     750.0      40.0       1.0
1E-05 28   0.5   0.475310   0.024690    7434.532   15000.0      40.0       1.0
1E-05 29   0.7   0.299969   0.000031       0.501       1.0      40.0       1.0
1E-05 30   0.7   0.299968   0.000032       0.898       1.8      40.0       1.0
1E-05 31   0.7   0.299968   0.000032       0.997       2.0      40.0       1.0
1E-05 32   0.7   0.299967   0.000033       1.096       2.2      40.0       1.0
1E-05 33   0.7   0.299905   0.000095      19.831      40.0      40.0       1.0
1E-05 34   0.7   0.298738   0.001262     371.732     750.0      40.0       1.0
1E-05 35   0.7   0.275310   0.024690    7434.532   15000.0      40.0       1.0
1E-05 36   0.8   0.199969   0.000031       0.501       1.0      40.0       1.0
1E-05 37   0.8   0.199968   0.000032       0.898       1.8      40.0       1.0
1E-05 38   0.8   0.199968   0.000032       0.997       2.0      40.0       1.0
1E-05 39   0.8   0.199967   0.000033       1.096       2.2      40.0       1.0
1E-05 40   0.8   0.199905   0.000095      19.831      40.0      40.0       1.0
1E-05 41   0.8   0.198738   0.001262     371.732     750.0      40.0       1.0
1E-05 42   0.8   0.175310   0.024690    7434.532   15000.0      40.0       1.0
1E-05 43   0.5   0.499192   0.000808       0.501       1.0    1500.0       1.0
1E-05 44   0.5   0.499191   0.000809       0.898       1.8    1500.0       1.0
1E-05 45   0.5   0.499190   0.000810       0.997       2.0    1500.0       1.0
1E-05 46   0.5   0.499190   0.000810       1.096       2.2    1500.0       1.0
1E-05 47   0.5   0.499128   0.000872      19.831      40.0    1500.0       1.0
1E-05 48   0.5   0.497961   0.002039     371.732     750.0    1500.0       1.0
1E-05 49   0.5   0.474532   0.025468    7434.532   15000.0    1500.0       1.0
1E-05 50   0.7   0.299192   0.000808       0.501       1.0    1500.0       1.0
1E-05 51   0.7   0.299191   0.000809       0.898       1.8    1500.0       1.0
1E-05 52   0.7   0.299190   0.000810       0.997       2.0    1500.0       1.0
1E-05 53   0.7   0.299190   0.000810       1.096       2.2    1500.0       1.0
1E-05 54   0.7   0.299128   0.000872      19.831      40.0    1500.0       1.0
1E-05 55   0.7   0.297961   0.002039     371.732     750.0    1500.0       1.0
1E-05 56   0.7   0.274532   0.025468    7434.532   15000.0    1500.0       1.0
1E-05 57   0.8   0.199192   0.000808       0.501       1.0    1500.0       1.0
1E-05 58   0.8   0.199191   0.000809       0.898       1.8    1500.0       1.0
1E-05 59   0.8   0.199190   0.000810       0.997       2.0    1500.0       1.0
1E-05 60   0.8   0.199190   0.000810       1.096       2.2    1500.0       1.0
1E-05 61   0.8   0.199128   0.000872      19.831      40.0    1500.0       1.0
1E-05 62   0.8   0.197961   0.002039     371.732     750.0    1500.0       1.0
1E-05 63   0.8   0.174532   0.025468    7434.532   15000.0    1500.0       1.0
